winapi-test-pid-suspended.exe,164864,3,1587944353,2020-04-26T23:39:13.000Z,imports,kernel32.dll,AddVectoredExceptionHandler,f622fa6ad9fd8b8549df9d868d232f43102d6828a325cbaa562c7db2c04e6ddb,.\target\release\winapi-test-pid-suspended.exe,
winapi-test-pid-suspended.exe,164864,3,1587944353,2020-04-26T23:39:13.000Z,imports,kernel32.dll,CloseHandle,f622fa6ad9fd8b8549df9d868d232f43102d6828a325cbaa562c7db2c04e6ddb,.\target\release\winapi-test-pid-suspended.exe,
winapi-test-pid-suspended.exe,164864,3,1587944353,2020-04-26T23:39:13.000Z,imports,kernel32.dll,CreateMutexA,f622fa6ad9fd8b8549df9d868d232f43102d6828a325cbaa562c7db2c04e6ddb,.\target\release\winapi-test-pid-suspended.exe,
winapi-test-pid-suspended.exe,164864,3,1587944353,2020-04-26T23:39:13.000Z,imports,kernel32.dll,CreateProcessW,f622fa6ad9fd8b8549df9d868d232f43102d6828a325cbaa562c7db2c04e6ddb,.\target\release\winapi-test-pid-suspended.exe,
winapi-test-pid-suspended.exe,164864,3,1587944353,2020-04-26T23:39:13.000Z,imports,kernel32.dll,DeleteCriticalSection,f622fa6ad9fd8b8549df9d868d232f43102d6828a325cbaa562c7db2c04e6ddb,.\target\release\winapi-test-pid-suspended.exe,
winapi-test-pid-suspended.exe,164864,3,1587944353,2020-04-26T23:39:13.000Z,imports,kernel32.dll,EnterCriticalSection,f622fa6ad9fd8b8549df9d868d232f43102d6828a325cbaa562c7db2c04e6ddb,.\target\release\winapi-test-pid-suspended.exe,
winapi-test-pid-suspended.exe,164864,3,1587944353,2020-04-26T23:39:13.000Z,imports,kernel32.dll,FormatMessageW,f622fa6ad9fd8b8549df9d868d232f43102d6828a325cbaa562c7db2c04e6ddb,.\target\release\winapi-test-pid-suspended.exe,
winapi-test-pid-suspended.exe,164864,3,1587944353,2020-04-26T23:39:13.000Z,imports,kernel32.dll,GetConsoleMode,f622fa6ad9fd8b8549df9d868d232f43102d6828a325cbaa562c7db2c04e6ddb,.\target\release\winapi-test-pid-suspended.exe,
winapi-test-pid-suspended.exe,164864,3,1587944353,2020-04-26T23:39:13.000Z,imports,kernel32.dll,GetCurrentDirectoryW,f622fa6ad9fd8b8549df9d868d232f43102d6828a325cbaa562c7db2c04e6ddb,.\target\release\winapi-test-pid-suspended.exe,
winapi-test-pid-suspended.exe,164864,3,1587944353,2020-04-26T23:39:13.000Z,imports,kernel32.dll,GetCurrentProcess,f622fa6ad9fd8b8549df9d868d232f43102d6828a325cbaa562c7db2c04e6ddb,.\target\release\winapi-test-pid-suspended.exe,
winapi-test-pid-suspended.exe,164864,3,1587944353,2020-04-26T23:39:13.000Z,imports,kernel32.dll,GetCurrentProcessId,f622fa6ad9fd8b8549df9d868d232f43102d6828a325cbaa562c7db2c04e6ddb,.\target\release\winapi-test-pid-suspended.exe,
winapi-test-pid-suspended.exe,164864,3,1587944353,2020-04-26T23:39:13.000Z,imports,kernel32.dll,GetCurrentThread,f622fa6ad9fd8b8549df9d868d232f43102d6828a325cbaa562c7db2c04e6ddb,.\target\release\winapi-test-pid-suspended.exe,
winapi-test-pid-suspended.exe,164864,3,1587944353,2020-04-26T23:39:13.000Z,imports,kernel32.dll,GetCurrentThreadId,f622fa6ad9fd8b8549df9d868d232f43102d6828a325cbaa562c7db2c04e6ddb,.\target\release\winapi-test-pid-suspended.exe,
winapi-test-pid-suspended.exe,164864,3,1587944353,2020-04-26T23:39:13.000Z,imports,kernel32.dll,GetEnvironmentVariableW,f622fa6ad9fd8b8549df9d868d232f43102d6828a325cbaa562c7db2c04e6ddb,.\target\release\winapi-test-pid-suspended.exe,
winapi-test-pid-suspended.exe,164864,3,1587944353,2020-04-26T23:39:13.000Z,imports,kernel32.dll,GetLastError,f622fa6ad9fd8b8549df9d868d232f43102d6828a325cbaa562c7db2c04e6ddb,.\target\release\winapi-test-pid-suspended.exe,
winapi-test-pid-suspended.exe,164864,3,1587944353,2020-04-26T23:39:13.000Z,imports,kernel32.dll,GetModuleFileNameW,f622fa6ad9fd8b8549df9d868d232f43102d6828a325cbaa562c7db2c04e6ddb,.\target\release\winapi-test-pid-suspended.exe,
winapi-test-pid-suspended.exe,164864,3,1587944353,2020-04-26T23:39:13.000Z,imports,kernel32.dll,GetModuleHandleW,f622fa6ad9fd8b8549df9d868d232f43102d6828a325cbaa562c7db2c04e6ddb,.\target\release\winapi-test-pid-suspended.exe,
winapi-test-pid-suspended.exe,164864,3,1587944353,2020-04-26T23:39:13.000Z,imports,kernel32.dll,GetProcAddress,f622fa6ad9fd8b8549df9d868d232f43102d6828a325cbaa562c7db2c04e6ddb,.\target\release\winapi-test-pid-suspended.exe,
winapi-test-pid-suspended.exe,164864,3,1587944353,2020-04-26T23:39:13.000Z,imports,kernel32.dll,GetProcessHeap,f622fa6ad9fd8b8549df9d868d232f43102d6828a325cbaa562c7db2c04e6ddb,.\target\release\winapi-test-pid-suspended.exe,
winapi-test-pid-suspended.exe,164864,3,1587944353,2020-04-26T23:39:13.000Z,imports,kernel32.dll,GetStdHandle,f622fa6ad9fd8b8549df9d868d232f43102d6828a325cbaa562c7db2c04e6ddb,.\target\release\winapi-test-pid-suspended.exe,
winapi-test-pid-suspended.exe,164864,3,1587944353,2020-04-26T23:39:13.000Z,imports,kernel32.dll,GetSystemTimeAsFileTime,f622fa6ad9fd8b8549df9d868d232f43102d6828a325cbaa562c7db2c04e6ddb,.\target\release\winapi-test-pid-suspended.exe,
winapi-test-pid-suspended.exe,164864,3,1587944353,2020-04-26T23:39:13.000Z,imports,kernel32.dll,HeapAlloc,f622fa6ad9fd8b8549df9d868d232f43102d6828a325cbaa562c7db2c04e6ddb,.\target\release\winapi-test-pid-suspended.exe,
winapi-test-pid-suspended.exe,164864,3,1587944353,2020-04-26T23:39:13.000Z,imports,kernel32.dll,HeapFree,f622fa6ad9fd8b8549df9d868d232f43102d6828a325cbaa562c7db2c04e6ddb,.\target\release\winapi-test-pid-suspended.exe,
winapi-test-pid-suspended.exe,164864,3,1587944353,2020-04-26T23:39:13.000Z,imports,kernel32.dll,HeapReAlloc,f622fa6ad9fd8b8549df9d868d232f43102d6828a325cbaa562c7db2c04e6ddb,.\target\release\winapi-test-pid-suspended.exe,
winapi-test-pid-suspended.exe,164864,3,1587944353,2020-04-26T23:39:13.000Z,imports,kernel32.dll,InitializeCriticalSection,f622fa6ad9fd8b8549df9d868d232f43102d6828a325cbaa562c7db2c04e6ddb,.\target\release\winapi-test-pid-suspended.exe,
winapi-test-pid-suspended.exe,164864,3,1587944353,2020-04-26T23:39:13.000Z,imports,kernel32.dll,InitializeSListHead,f622fa6ad9fd8b8549df9d868d232f43102d6828a325cbaa562c7db2c04e6ddb,.\target\release\winapi-test-pid-suspended.exe,
winapi-test-pid-suspended.exe,164864,3,1587944353,2020-04-26T23:39:13.000Z,imports,kernel32.dll,IsDebuggerPresent,f622fa6ad9fd8b8549df9d868d232f43102d6828a325cbaa562c7db2c04e6ddb,.\target\release\winapi-test-pid-suspended.exe,
winapi-test-pid-suspended.exe,164864,3,1587944353,2020-04-26T23:39:13.000Z,imports,kernel32.dll,IsProcessorFeaturePresent,f622fa6ad9fd8b8549df9d868d232f43102d6828a325cbaa562c7db2c04e6ddb,.\target\release\winapi-test-pid-suspended.exe,
winapi-test-pid-suspended.exe,164864,3,1587944353,2020-04-26T23:39:13.000Z,imports,kernel32.dll,LeaveCriticalSection,f622fa6ad9fd8b8549df9d868d232f43102d6828a325cbaa562c7db2c04e6ddb,.\target\release\winapi-test-pid-suspended.exe,
winapi-test-pid-suspended.exe,164864,3,1587944353,2020-04-26T23:39:13.000Z,imports,kernel32.dll,LoadLibraryA,f622fa6ad9fd8b8549df9d868d232f43102d6828a325cbaa562c7db2c04e6ddb,.\target\release\winapi-test-pid-suspended.exe,
winapi-test-pid-suspended.exe,164864,3,1587944353,2020-04-26T23:39:13.000Z,imports,kernel32.dll,QueryPerformanceCounter,f622fa6ad9fd8b8549df9d868d232f43102d6828a325cbaa562c7db2c04e6ddb,.\target\release\winapi-test-pid-suspended.exe,
winapi-test-pid-suspended.exe,164864,3,1587944353,2020-04-26T23:39:13.000Z,imports,kernel32.dll,ReleaseMutex,f622fa6ad9fd8b8549df9d868d232f43102d6828a325cbaa562c7db2c04e6ddb,.\target\release\winapi-test-pid-suspended.exe,
winapi-test-pid-suspended.exe,164864,3,1587944353,2020-04-26T23:39:13.000Z,imports,kernel32.dll,RtlCaptureContext,f622fa6ad9fd8b8549df9d868d232f43102d6828a325cbaa562c7db2c04e6ddb,.\target\release\winapi-test-pid-suspended.exe,
winapi-test-pid-suspended.exe,164864,3,1587944353,2020-04-26T23:39:13.000Z,imports,kernel32.dll,RtlLookupFunctionEntry,f622fa6ad9fd8b8549df9d868d232f43102d6828a325cbaa562c7db2c04e6ddb,.\target\release\winapi-test-pid-suspended.exe,
winapi-test-pid-suspended.exe,164864,3,1587944353,2020-04-26T23:39:13.000Z,imports,kernel32.dll,RtlVirtualUnwind,f622fa6ad9fd8b8549df9d868d232f43102d6828a325cbaa562c7db2c04e6ddb,.\target\release\winapi-test-pid-suspended.exe,
winapi-test-pid-suspended.exe,164864,3,1587944353,2020-04-26T23:39:13.000Z,imports,kernel32.dll,SetLastError,f622fa6ad9fd8b8549df9d868d232f43102d6828a325cbaa562c7db2c04e6ddb,.\target\release\winapi-test-pid-suspended.exe,
winapi-test-pid-suspended.exe,164864,3,1587944353,2020-04-26T23:39:13.000Z,imports,kernel32.dll,SetUnhandledExceptionFilter,f622fa6ad9fd8b8549df9d868d232f43102d6828a325cbaa562c7db2c04e6ddb,.\target\release\winapi-test-pid-suspended.exe,
winapi-test-pid-suspended.exe,164864,3,1587944353,2020-04-26T23:39:13.000Z,imports,kernel32.dll,TlsAlloc,f622fa6ad9fd8b8549df9d868d232f43102d6828a325cbaa562c7db2c04e6ddb,.\target\release\winapi-test-pid-suspended.exe,
winapi-test-pid-suspended.exe,164864,3,1587944353,2020-04-26T23:39:13.000Z,imports,kernel32.dll,TlsGetValue,f622fa6ad9fd8b8549df9d868d232f43102d6828a325cbaa562c7db2c04e6ddb,.\target\release\winapi-test-pid-suspended.exe,
winapi-test-pid-suspended.exe,164864,3,1587944353,2020-04-26T23:39:13.000Z,imports,kernel32.dll,TlsSetValue,f622fa6ad9fd8b8549df9d868d232f43102d6828a325cbaa562c7db2c04e6ddb,.\target\release\winapi-test-pid-suspended.exe,
winapi-test-pid-suspended.exe,164864,3,1587944353,2020-04-26T23:39:13.000Z,imports,kernel32.dll,UnhandledExceptionFilter,f622fa6ad9fd8b8549df9d868d232f43102d6828a325cbaa562c7db2c04e6ddb,.\target\release\winapi-test-pid-suspended.exe,
winapi-test-pid-suspended.exe,164864,3,1587944353,2020-04-26T23:39:13.000Z,imports,kernel32.dll,WaitForSingleObjectEx,f622fa6ad9fd8b8549df9d868d232f43102d6828a325cbaa562c7db2c04e6ddb,.\target\release\winapi-test-pid-suspended.exe,
winapi-test-pid-suspended.exe,164864,3,1587944353,2020-04-26T23:39:13.000Z,imports,kernel32.dll,WriteConsoleW,f622fa6ad9fd8b8549df9d868d232f43102d6828a325cbaa562c7db2c04e6ddb,.\target\release\winapi-test-pid-suspended.exe,
winapi-test-pid-suspended.exe,164864,3,1587944353,2020-04-26T23:39:13.000Z,imports,kernel32.dll,WriteFile,f622fa6ad9fd8b8549df9d868d232f43102d6828a325cbaa562c7db2c04e6ddb,.\target\release\winapi-test-pid-suspended.exe,
winapi-test-pid-suspended.exe,164864,3,1587944353,2020-04-26T23:39:13.000Z,imports,vcruntime140.dll,_CxxThrowException,f622fa6ad9fd8b8549df9d868d232f43102d6828a325cbaa562c7db2c04e6ddb,.\target\release\winapi-test-pid-suspended.exe,
winapi-test-pid-suspended.exe,164864,3,1587944353,2020-04-26T23:39:13.000Z,imports,vcruntime140.dll,__C_specific_handler,f622fa6ad9fd8b8549df9d868d232f43102d6828a325cbaa562c7db2c04e6ddb,.\target\release\winapi-test-pid-suspended.exe,
winapi-test-pid-suspended.exe,164864,3,1587944353,2020-04-26T23:39:13.000Z,imports,vcruntime140.dll,__CxxFrameHandler3,f622fa6ad9fd8b8549df9d868d232f43102d6828a325cbaa562c7db2c04e6ddb,.\target\release\winapi-test-pid-suspended.exe,
winapi-test-pid-suspended.exe,164864,3,1587944353,2020-04-26T23:39:13.000Z,imports,vcruntime140.dll,__current_exception,f622fa6ad9fd8b8549df9d868d232f43102d6828a325cbaa562c7db2c04e6ddb,.\target\release\winapi-test-pid-suspended.exe,
winapi-test-pid-suspended.exe,164864,3,1587944353,2020-04-26T23:39:13.000Z,imports,vcruntime140.dll,__current_exception_context,f622fa6ad9fd8b8549df9d868d232f43102d6828a325cbaa562c7db2c04e6ddb,.\target\release\winapi-test-pid-suspended.exe,
winapi-test-pid-suspended.exe,164864,3,1587944353,2020-04-26T23:39:13.000Z,imports,vcruntime140.dll,memcmp,f622fa6ad9fd8b8549df9d868d232f43102d6828a325cbaa562c7db2c04e6ddb,.\target\release\winapi-test-pid-suspended.exe,
winapi-test-pid-suspended.exe,164864,3,1587944353,2020-04-26T23:39:13.000Z,imports,vcruntime140.dll,memcpy,f622fa6ad9fd8b8549df9d868d232f43102d6828a325cbaa562c7db2c04e6ddb,.\target\release\winapi-test-pid-suspended.exe,
winapi-test-pid-suspended.exe,164864,3,1587944353,2020-04-26T23:39:13.000Z,imports,vcruntime140.dll,memmove,f622fa6ad9fd8b8549df9d868d232f43102d6828a325cbaa562c7db2c04e6ddb,.\target\release\winapi-test-pid-suspended.exe,
winapi-test-pid-suspended.exe,164864,3,1587944353,2020-04-26T23:39:13.000Z,imports,vcruntime140.dll,memset,f622fa6ad9fd8b8549df9d868d232f43102d6828a325cbaa562c7db2c04e6ddb,.\target\release\winapi-test-pid-suspended.exe,
winapi-test-pid-suspended.exe,164864,3,1587944353,2020-04-26T23:39:13.000Z,imports,api-ms-win-crt-runtime-l1-1-0.dll,__p___argc,f622fa6ad9fd8b8549df9d868d232f43102d6828a325cbaa562c7db2c04e6ddb,.\target\release\winapi-test-pid-suspended.exe,
winapi-test-pid-suspended.exe,164864,3,1587944353,2020-04-26T23:39:13.000Z,imports,api-ms-win-crt-runtime-l1-1-0.dll,__p___argv,f622fa6ad9fd8b8549df9d868d232f43102d6828a325cbaa562c7db2c04e6ddb,.\target\release\winapi-test-pid-suspended.exe,
winapi-test-pid-suspended.exe,164864,3,1587944353,2020-04-26T23:39:13.000Z,imports,api-ms-win-crt-runtime-l1-1-0.dll,_c_exit,f622fa6ad9fd8b8549df9d868d232f43102d6828a325cbaa562c7db2c04e6ddb,.\target\release\winapi-test-pid-suspended.exe,
winapi-test-pid-suspended.exe,164864,3,1587944353,2020-04-26T23:39:13.000Z,imports,api-ms-win-crt-runtime-l1-1-0.dll,_cexit,f622fa6ad9fd8b8549df9d868d232f43102d6828a325cbaa562c7db2c04e6ddb,.\target\release\winapi-test-pid-suspended.exe,
winapi-test-pid-suspended.exe,164864,3,1587944353,2020-04-26T23:39:13.000Z,imports,api-ms-win-crt-runtime-l1-1-0.dll,_configure_narrow_argv,f622fa6ad9fd8b8549df9d868d232f43102d6828a325cbaa562c7db2c04e6ddb,.\target\release\winapi-test-pid-suspended.exe,
winapi-test-pid-suspended.exe,164864,3,1587944353,2020-04-26T23:39:13.000Z,imports,api-ms-win-crt-runtime-l1-1-0.dll,_crt_atexit,f622fa6ad9fd8b8549df9d868d232f43102d6828a325cbaa562c7db2c04e6ddb,.\target\release\winapi-test-pid-suspended.exe,
winapi-test-pid-suspended.exe,164864,3,1587944353,2020-04-26T23:39:13.000Z,imports,api-ms-win-crt-runtime-l1-1-0.dll,_exit,f622fa6ad9fd8b8549df9d868d232f43102d6828a325cbaa562c7db2c04e6ddb,.\target\release\winapi-test-pid-suspended.exe,
winapi-test-pid-suspended.exe,164864,3,1587944353,2020-04-26T23:39:13.000Z,imports,api-ms-win-crt-runtime-l1-1-0.dll,_get_initial_narrow_environment,f622fa6ad9fd8b8549df9d868d232f43102d6828a325cbaa562c7db2c04e6ddb,.\target\release\winapi-test-pid-suspended.exe,
winapi-test-pid-suspended.exe,164864,3,1587944353,2020-04-26T23:39:13.000Z,imports,api-ms-win-crt-runtime-l1-1-0.dll,_initialize_narrow_environment,f622fa6ad9fd8b8549df9d868d232f43102d6828a325cbaa562c7db2c04e6ddb,.\target\release\winapi-test-pid-suspended.exe,
winapi-test-pid-suspended.exe,164864,3,1587944353,2020-04-26T23:39:13.000Z,imports,api-ms-win-crt-runtime-l1-1-0.dll,_initialize_onexit_table,f622fa6ad9fd8b8549df9d868d232f43102d6828a325cbaa562c7db2c04e6ddb,.\target\release\winapi-test-pid-suspended.exe,
winapi-test-pid-suspended.exe,164864,3,1587944353,2020-04-26T23:39:13.000Z,imports,api-ms-win-crt-runtime-l1-1-0.dll,_initterm,f622fa6ad9fd8b8549df9d868d232f43102d6828a325cbaa562c7db2c04e6ddb,.\target\release\winapi-test-pid-suspended.exe,
winapi-test-pid-suspended.exe,164864,3,1587944353,2020-04-26T23:39:13.000Z,imports,api-ms-win-crt-runtime-l1-1-0.dll,_initterm_e,f622fa6ad9fd8b8549df9d868d232f43102d6828a325cbaa562c7db2c04e6ddb,.\target\release\winapi-test-pid-suspended.exe,
winapi-test-pid-suspended.exe,164864,3,1587944353,2020-04-26T23:39:13.000Z,imports,api-ms-win-crt-runtime-l1-1-0.dll,_register_onexit_function,f622fa6ad9fd8b8549df9d868d232f43102d6828a325cbaa562c7db2c04e6ddb,.\target\release\winapi-test-pid-suspended.exe,
winapi-test-pid-suspended.exe,164864,3,1587944353,2020-04-26T23:39:13.000Z,imports,api-ms-win-crt-runtime-l1-1-0.dll,_register_thread_local_exe_atexit_callback,f622fa6ad9fd8b8549df9d868d232f43102d6828a325cbaa562c7db2c04e6ddb,.\target\release\winapi-test-pid-suspended.exe,
winapi-test-pid-suspended.exe,164864,3,1587944353,2020-04-26T23:39:13.000Z,imports,api-ms-win-crt-runtime-l1-1-0.dll,_seh_filter_exe,f622fa6ad9fd8b8549df9d868d232f43102d6828a325cbaa562c7db2c04e6ddb,.\target\release\winapi-test-pid-suspended.exe,
winapi-test-pid-suspended.exe,164864,3,1587944353,2020-04-26T23:39:13.000Z,imports,api-ms-win-crt-runtime-l1-1-0.dll,_set_app_type,f622fa6ad9fd8b8549df9d868d232f43102d6828a325cbaa562c7db2c04e6ddb,.\target\release\winapi-test-pid-suspended.exe,
winapi-test-pid-suspended.exe,164864,3,1587944353,2020-04-26T23:39:13.000Z,imports,api-ms-win-crt-runtime-l1-1-0.dll,exit,f622fa6ad9fd8b8549df9d868d232f43102d6828a325cbaa562c7db2c04e6ddb,.\target\release\winapi-test-pid-suspended.exe,
winapi-test-pid-suspended.exe,164864,3,1587944353,2020-04-26T23:39:13.000Z,imports,api-ms-win-crt-runtime-l1-1-0.dll,terminate,f622fa6ad9fd8b8549df9d868d232f43102d6828a325cbaa562c7db2c04e6ddb,.\target\release\winapi-test-pid-suspended.exe,
winapi-test-pid-suspended.exe,164864,3,1587944353,2020-04-26T23:39:13.000Z,imports,api-ms-win-crt-math-l1-1-0.dll,__setusermatherr,f622fa6ad9fd8b8549df9d868d232f43102d6828a325cbaa562c7db2c04e6ddb,.\target\release\winapi-test-pid-suspended.exe,
winapi-test-pid-suspended.exe,164864,3,1587944353,2020-04-26T23:39:13.000Z,imports,api-ms-win-crt-stdio-l1-1-0.dll,__p__commode,f622fa6ad9fd8b8549df9d868d232f43102d6828a325cbaa562c7db2c04e6ddb,.\target\release\winapi-test-pid-suspended.exe,
winapi-test-pid-suspended.exe,164864,3,1587944353,2020-04-26T23:39:13.000Z,imports,api-ms-win-crt-stdio-l1-1-0.dll,_set_fmode,f622fa6ad9fd8b8549df9d868d232f43102d6828a325cbaa562c7db2c04e6ddb,.\target\release\winapi-test-pid-suspended.exe,
winapi-test-pid-suspended.exe,164864,3,1587944353,2020-04-26T23:39:13.000Z,imports,api-ms-win-crt-locale-l1-1-0.dll,_configthreadlocale,f622fa6ad9fd8b8549df9d868d232f43102d6828a325cbaa562c7db2c04e6ddb,.\target\release\winapi-test-pid-suspended.exe,
winapi-test-pid-suspended.exe,164864,3,1587944353,2020-04-26T23:39:13.000Z,imports,api-ms-win-crt-heap-l1-1-0.dll,_set_new_mode,f622fa6ad9fd8b8549df9d868d232f43102d6828a325cbaa562c7db2c04e6ddb,.\target\release\winapi-test-pid-suspended.exe,
winapi-test-pid-suspended.exe,164864,3,1587944353,2020-04-26T23:39:13.000Z,imports,api-ms-win-crt-heap-l1-1-0.dll,free,f622fa6ad9fd8b8549df9d868d232f43102d6828a325cbaa562c7db2c04e6ddb,.\target\release\winapi-test-pid-suspended.exe,
